version https://git-lfs.github.com/spec/v1
oid sha256:b83864529ca6b158ccad99b38cd6d47b946befffafc5786869ce8f2b22001e08
size 4734
